1 50000000 0.125789 0.125082
1 99500000 0.250799 0.252102
1 149000000 0.375702 0.373852
1 198500000 0.500286 0.495779
1 248000000 0.625368 0.624563
1 297500000 0.749820 0.754195
1 347000000 0.871031 0.872778
1 396500000 0.988260 0.988771
1 446000000 1.124685 1.127965
1 495500000 1.248371 1.235755
2 50000000 0.124923 0.062987
2 99500000 0.249779 0.126085
2 149000000 0.374653 0.186646
2 198500000 0.495914 0.250988
2 248000000 0.618776 0.312359
2 297500000 0.745791 0.376027
2 347000000 0.865171 0.434756
2 396500000 1.000800 0.499690
2 446000000 1.114543 0.559425
2 495500000 1.234908 0.625514
3 50000000 0.127142 0.044776
3 99500000 0.248946 0.094037
3 149000000 0.375969 0.129911
3 198500000 0.496776 0.178834
3 248000000 0.628030 0.220570
3 297500000 0.744337 0.256625
3 347000000 0.877518 0.300739
3 396500000 0.988561 0.339323
3 446000000 1.115824 0.380758
3 495500000 1.249016 0.431099
4 50000000 0.131431 0.039054
4 99500000 0.251076 0.068891
4 149000000 0.375091 0.101612
4 198500000 0.496266 0.135699
4 248000000 0.618565 0.190911
4 297500000 0.741154 0.199672
4 347000000 0.870058 0.232423
4 396500000 0.995063 0.267440
4 446000000 1.125972 0.299143
4 495500000 1.248656 0.328202
1 50000000 0.125180 0.126092
1 99500000 0.249698 0.248051
1 149000000 0.372409 0.371366
1 198500000 0.495064 0.495224
1 248000000 0.624110 0.618778
1 297500000 0.739705 0.750331
1 347000000 0.877219 0.868563
1 396500000 0.996871 0.992115
1 446000000 1.121803 1.111512
1 495500000 1.255065 1.240541
2 50000000 0.125728 0.063168
2 99500000 0.247361 0.125023
2 149000000 0.371239 0.191562
2 198500000 0.500934 0.251975
2 248000000 0.623572 0.312548
2 297500000 0.740316 0.377118
2 347000000 0.877403 0.439000
2 396500000 0.988224 0.501850
2 446000000 1.126422 0.567088
2 495500000 1.251376 0.625722
3 50000000 0.126670 0.049740
3 99500000 0.251155 0.093846
3 149000000 0.371170 0.127624
3 198500000 0.494759 0.172496
3 248000000 0.625821 0.216796
3 297500000 0.747395 0.255622
3 347000000 0.869706 0.298481
3 396500000 0.995867 0.340762
3 446000000 1.124466 0.383226
3 495500000 1.246959 0.423091
4 50000000 0.125686 0.035021
4 99500000 0.251546 0.071600
4 149000000 0.371221 0.100497
4 198500000 0.497906 0.134317
4 248000000 0.618421 0.165900
4 297500000 0.749109 0.196733
4 347000000 0.878905 0.235440
4 396500000 0.998200 0.284065
4 446000000 1.118821 0.311407
4 495500000 1.238124 0.319952
1 50000000 0.124762 0.124669
1 99500000 0.247716 0.247710
1 149000000 0.368409 0.367690
1 198500000 0.494652 0.496160
1 248000000 0.614606 0.612819
1 297500000 0.733546 0.747402
1 347000000 0.865021 0.857348
1 396500000 0.978917 0.978504
1 446000000 1.114513 1.101604
1 495500000 1.224468 1.223458
2 50000000 0.124805 0.062353
2 99500000 0.246326 0.125982
2 149000000 0.368570 0.183946
2 198500000 0.495491 0.248860
2 248000000 0.612037 0.311279
2 297500000 0.742243 0.370268
2 347000000 0.867863 0.432872
2 396500000 0.989797 0.493786
2 446000000 1.109439 0.557551
2 495500000 1.237857 0.614429
3 50000000 0.125157 0.043876
3 99500000 0.258316 0.085440
3 149000000 0.373741 0.126603
3 198500000 0.497620 0.172226
3 248000000 0.617537 0.210732
3 297500000 0.742399 0.253342
3 347000000 0.867244 0.299788
3 396500000 0.986371 0.334182
3 446000000 1.105338 0.380398
3 495500000 1.236786 0.419972
4 50000000 0.124561 0.033438
4 99500000 0.245096 0.089793
4 149000000 0.369461 0.098409
4 198500000 0.494272 0.134070
4 248000000 0.615392 0.165448
4 297500000 0.742658 0.219019
4 347000000 0.873638 0.244835
4 396500000 0.978787 0.261355
4 446000000 1.111155 0.291381
4 495500000 1.239883 0.324300
1 50000000 0.125036 0.125013
1 99500000 0.244967 0.249560
1 149000000 0.372774 0.372132
1 198500000 0.495257 0.495959
1 248000000 0.616365 0.617156
1 297500000 0.732233 0.737793
1 347000000 0.866852 0.867399
1 396500000 0.986890 0.992096
1 446000000 1.114889 1.111390
1 495500000 1.236270 1.239601
2 50000000 0.124631 0.061734
2 99500000 0.247437 0.124731
2 149000000 0.373143 0.186854
2 198500000 0.496029 0.247601
2 248000000 0.612495 0.308897
2 297500000 0.732730 0.373716
2 347000000 0.870091 0.432252
2 396500000 0.993156 0.495641
2 446000000 1.111583 0.555059
2 495500000 1.228439 0.616701
3 50000000 0.125825 0.042365
3 99500000 0.247534 0.084746
3 149000000 0.369981 0.125850
3 198500000 0.497064 0.170991
3 248000000 0.616481 0.212096
3 297500000 0.736275 0.258306
3 347000000 0.861568 0.294131
3 396500000 0.995300 0.338936
3 446000000 1.101495 0.376493
3 495500000 1.224421 0.419201
4 50000000 0.124450 0.036341
4 99500000 0.248319 0.068772
4 149000000 0.373108 0.097859
4 198500000 0.494645 0.128971
4 248000000 0.620915 0.164799
4 297500000 0.740329 0.198560
4 347000000 0.863837 0.225920
4 396500000 0.990089 0.260035
4 446000000 1.109178 0.289849
4 495500000 1.233874 0.323611
1 50000000 0.123783 0.123825
1 99500000 0.245218 0.245727
1 149000000 0.370952 0.369907
1 198500000 0.498898 0.497627
1 248000000 0.617983 0.618598
1 297500000 0.740597 0.739191
1 347000000 0.858737 0.868155
1 396500000 0.998828 0.979951
1 446000000 1.101751 1.114781
1 495500000 1.236515 1.240348
2 50000000 0.125528 0.062937
2 99500000 0.250681 0.124117
2 149000000 0.373231 0.186805
2 198500000 0.517131 0.245735
2 248000000 0.619934 0.308565
2 297500000 0.741078 0.373559
2 347000000 0.858185 0.433382
2 396500000 0.991321 0.495062
2 446000000 1.109413 0.558086
2 495500000 1.242450 0.617777
3 50000000 0.125272 0.042964
3 99500000 0.247730 0.084432
3 149000000 0.368874 0.128285
3 198500000 0.497313 0.168695
3 248000000 0.621269 0.209249
3 297500000 0.740551 0.255612
3 347000000 0.862219 0.301158
3 396500000 0.993007 0.337438
3 446000000 1.115220 0.382326
3 495500000 1.226727 0.420804
4 50000000 0.124735 0.035707
4 99500000 0.248449 0.068918
4 149000000 0.372217 0.101965
4 198500000 0.498605 0.128389
4 248000000 0.619549 0.164971
4 297500000 0.742368 0.194512
4 347000000 0.864632 0.229962
4 396500000 0.988027 0.272357
4 446000000 1.111166 0.314595
4 495500000 1.230765 0.321586
