2000		
2064		
2128		
2192		
2256		
2320		
2384		
2448		
2512		
2576		
2640		
2704		
2768		
2832		
2896		
2960		
3024		
2000		
2064		
2128		
2192		
2256		
2320		
2384		
2448		
2512		
2576		
2640		
2704		
2768		
2832		
2896		
2960		
3024		
2000		
2064		
2128		
2192		
2256		
2320		
2384		
2448		
2512		
2576		
2640		
2704		
2768		
2832		
2896		
2960		
3024		
2000		
2064		
2128		
2192		
2256		
2320		
2384		
2448		
2512		
2576		
2640		
2704		
2768		
2832		
2896		
2960		
3024		
2000		
2064		
2128		
2192		
2256		
2320		
2384		
2448		
2512		
2576		
2640		
2704		
2768		
2832		
2896		
2960		
3024		
